540720097007,293326
540630273482,293326
540960143049,293326
540620251925,293326
541300256815,293326
540620206907,293326
540820042641,293326
541300261829,240601
541400330710,293326
541300262117,293326
541330160407,293326
540630210281,293326
540620211052,293326
540730042220,293326
540620272449,293326
540620272511,293326
540750012077,293326
540940268398,293326
540820050046,293326
540920006060,293326
541300272430,293326
540340008253,293326
540940286231,293326
540740068672,293326
541330051647,293326
540820043453,293326
541400330686,293326
540740089735,293326
540820033688,293326
540720046756,293326
540940268392,293326
540820026213,293326
540730042428,293326
540940247491,293326
540620270353,293326
540350133403,293326
540730026440,293326
540760280318,293326
540720099975,293326
540720099906,293326
540820133819,293326
540760231170,293326
540760262530,293326
540730132272,293326
540820133225,293326
540340008243,293326
540340008251,293326
540740255447,293326
540730102221,293326
540830129503,293326